f,mag,rad,real,imag
0.0,346.41016151377534,0.0,346.41016151377534,0.0
10.01001001001001,339.6163783431,0.382647552746475,315.055101268355,126.8052349221838
20.02002002002002,276.7424501723589,0.6410657726094282,221.79767975145404,165.50580951819168
30.03003003003003,219.83879355579262,0.8049950957618915,152.37351486297433,158.46579164087544
40.04004004004004,175.62303315014236,0.9038921757460016,108.63275493254325,137.99410976060537
50.05005005005005,141.81265459573956,0.9600808595448078,81.3229978294885,116.17830704359373
60.06006006006006,115.40329985342048,0.9857738579014259,63.727792684317635,96.21169397034392
70.07007007007007,94.16968168937677,0.9862003670847495,51.96871445399381,78.53140561251784
80.08008008008008,76.6382998871621,0.9614284496633038,43.86387173164936,62.844170503746824
90.09009009009009,61.88783401000109,0.9063744489759549,38.160291917570646,48.72264482984519
100.1001001001001,49.42840893597511,0.8089624207261498,34.11793786706127,35.76498183476865
110.11011011011011,39.20806277995218,0.6466932678668785,31.291195517440748,23.624844339084383
120.12012012012012,31.768616541649962,0.3875050341960749,29.413124121199917,12.004712674665864
130.13013013013014,28.34118399510069,0.0225922800902861,28.33395147501046,0.6402374996077443
140.14014014014015,29.971484360049562,-0.3656576618080471,27.990033780520314,-10.716710489232561
150.15015015015015,36.11200979998502,-0.6661164987053504,28.392249734835183,-22.314959260302608
160.16016016016016,45.41788023414973,-0.8600663243564668,29.630043866170574,-34.4215680272177
170.17017017017017,57.081765032999705,-0.9779534495644437,31.892782771940258,-47.34108476096021
180.18018018018017,70.96427254176699,-1.0466390467040034,35.516454669140934,-61.4370362657334
190.19019019019018,87.40540395957628,-1.0815855601850028,41.074366864514126,-77.15310122098798
200.2002002002002,107.16438125204121,-1.0901117360558057,49.55134128819405,-95.02036195297173
210.21021021021022,131.5000320848586,-1.0739247457066416,62.68313956787999,-115.59879952764437
220.22022022022023,162.3580975989718,-1.02975371014031,83.61928668791022,-139.16884259690576
230.23023023023023,202.5427975583617,-0.9481452879334471,118.12108392263099,-164.53265443586042
240.24024024024024,255.142551642405,-0.8104031657332055,175.8458716340252,-184.86738784292712
250.25025025025025,318.9278687310004,-0.58644474116273,265.63930535212774,-176.49573622424214
260.2602602602603,372.99425158247703,-0.2525016375032357,361.1667812294356,-93.18405362475475
270.27027027027026,373.7366780511927,0.14267072578692783,369.9394325885688,53.14057523953458
280.2802802802803,320.3720469806606,0.4789194491613071,284.32807106766813,147.63399503338545
290.2902902902903,256.46055308088387,0.7051741746363255,195.29436986149344,166.22913218493036
300.3003003003003,203.56394029877822,0.8444669568077139,135.19289709187018,152.18790479493285
310.3103103103103,163.1343122902685,0.9270769354117775,97.90907254620465,130.4860810951148
320.3203203203203,132.10240574775878,0.9719481468497516,74.46499808956816,109.11466291872098
330.33033033033036,107.64563882169398,0.9886992802702566,59.1810782473265,89.91764862814424
340.34034034034033,87.80044618389489,0.980717451506932,48.85450040052953,72.9531091914915
350.35035035035037,71.2950877258704,0.9464041130935661,41.679412902028844,57.84302960583711
360.36036036036035,57.360613138812,0.8785811987585397,36.61006876784698,44.15815671508455
370.3703703703704,45.64776074541747,0.7619979380106595,33.024244204153625,31.513764545279287
380.38038038038036,36.28382922833155,0.5700344646960352,30.546716375920038,19.58096989732188
390.3903903903904,30.06048596888865,0.2719673573800394,28.955591028559557,8.07505819623319
400.4004004004004,28.32133950169015,-0.11540428085137885,28.132954822839746,-3.2611537998157467
410.4104104104104,31.648820775073684,-0.48212341296180333,28.041246891004352,-14.674342549173176
420.42042042042044,39.02014188136495,-0.743717210337658,28.71714626831353,-26.417739923130018
430.4304304304304,49.19343156758597,-0.9077104392784328,30.281103185459994,-38.769169442564646
440.44044044044045,61.612364585813395,-1.0062212343627432,32.96612052587523,-52.051113026799534
450.45045045045043,76.3196823258078,-1.0620083382130467,37.176775903600735,-66.65269119642261
460.46046046046047,93.79910777739555,-1.0873283098312077,43.602750299185175,-83.04861700342981
470.47047047047045,114.96716866495855,-1.087377363127518,53.437783220151715,-101.79318835439382
480.4804804804805,141.2949729940633,-1.0621652381791835,68.8081198368042,-123.40871945659703
490.4904904904905,175.01619602849254,-1.006518810297995,93.5996198487913,-147.88434682699005
500.5005005005005,219.1898049947219,-0.9082158698670701,134.83534268380458,-172.8108821138449
510.5105105105105,276.3387918951643,-0.7445451250280051,203.21850264812775,-187.257491405636
520.5205205205206,340.771810741683,-0.4833944000931082,301.72697835348055,-158.38641838820558
530.5305305305305,381.03208598179543,-0.11699384659305352,378.4273592494963,-44.476784046185195
540.5405405405405,359.23022099765194,0.2705612919749765,346.16179568755973,96.01230590078548
550.5505505505505,297.70994906623156,0.5690797308057856,250.79003505005153,160.42310336298863
560.5605605605606,236.65010173022839,0.7614106232969087,171.30236647961686,163.27513554552783
570.5705705705706,188.31944762390262,0.8782323659792867,120.24432739381761,144.93279850668793
580.5805805805805,151.5057338741001,0.9462115580110256,88.59456646707925,122.9023603892127
590.5905905905906,123.02073297864705,0.9806384027924503,68.46008344038701,102.21212118892174
600.6006006006006,100.33992557351272,0.9887166392657433,55.163111410853155,83.81605934170297
610.6106106106106,81.76428612658084,0.9720641349586117,46.08199620374824,67.54145476421952
620.6206206206206,66.21269671785124,0.9273138477101746,39.72663120522237,52.97089747903467
630.6306306306307,53.064247909848824,0.844874963128376,35.22536382309148,39.68612036680751
640.6406406406406,42.119935493958735,0.7058442509318487,32.05597405209595,27.322216117778513
650.6506506506506,33.71338284373226,0.4799722419624204,29.904031541547575,15.567308063059226
660.6606606606607,28.886986835184462,0.14409645406898705,28.58760376426887,4.148122398541382
670.6706706706707,28.92532996886378,-0.2510972171243226,28.018242690031695,-7.186987572699344
680.6806806806807,33.815176936564036,-0.5854364084999192,28.183970080407356,-18.68502132077551
690.6906906906906,42.2651010686606,-0.8097780020169025,29.148516055173378,-30.605600469936796
700.7007007007007,53.24293170403827,-0.9477750539725299,31.06679562401853,-43.23961130834026
710.7107107107107,66.42444276528492,-1.0295459086671575,34.22240988253444,-56.930073410372664
720.7207207207207,82.01530249056891,-1.073828496839898,39.101809105479916,-72.0940938447674
730.7307307307308,100.64263379375005,-1.0901030529029745,46.5365495014069,-89.2372640629798
740.7407407407408,123.39531578774842,-1.081658400660296,57.97914958977927,-108.92576449676243
750.7507507507507,151.98318512497738,-1.0468027608868122,76.0435494526491,-131.59128826550662
760.7607607607607,188.94391229421865,-0.978235472904969,105.52274027716287,-156.73146868910473
770.7707707707708,237.4672354276295,-0.8605186816929888,154.83915761917928,-180.04311475150658
780.7807807807808,298.68236665410336,-0.6668132423746871,234.7035924808673,-184.73056007783666
790.7907907907908,359.9693074784258,-0.3666188748205628,336.0474323691324,-129.03497791145932
800.8008008008007,380.850505965383,0.02159163760252137,380.7617333871048,8.222547180499497
810.8108108108108,339.8726935842637,0.3867833690567722,314.7653456196902,128.20384175655488
820.8208208208208,275.40021933265996,0.6462828116310172,219.85967471197074,165.8523567635492
830.8308308308308,218.4407647870133,0.808757618741158,150.8110106402837,158.02660152769062
840.8408408408409,174.44628975098752,0.9062910006948174,107.57575687592906,137.32794522767935
850.8508508508509,140.85548769585392,0.9614166887804123,80.61988797198205,115.50195702853662
860.8608608608608,114.61846829361683,0.9862291574783321,63.25088068630264,95.58618815698193
870.8708708708708,93.51433041620137,0.9858156170308736,51.63705154075597,77.9650235770361
880.8808808808809,76.0816029224053,0.9600934877558753,43.62849299526332,62.32948661913404
890.8908908908909,61.410794495406186,0.9037796423972355,37.991471114063174,48.2486663354161
900.9009009009009,49.02432769972189,0.804487520293129,33.99741798486774,35.320819310597976
910.910910910911,38.88690070361498,0.6392781272677712,31.20777407144501,23.20055783463957
920.9209209209209,31.56545229290574,0.37601041235622157,29.360197015173657,11.591229860799764
930.9309309309309,28.30912626903232,0.008088433476696319,28.30820024354918,0.22897398790651344
940.9409409409409,30.124081435857658,-0.3785954343396335,27.990835617615367,-11.1343344561684
950.950950950951,36.40417286326969,-0.6749717258013216,28.421633999289842,-22.748066350114968
960.960960960961,45.80755206262249,-0.8655568678972899,29.693196670491766,-34.88045150879453
970.9709709709709,57.55365434123427,-0.9812420973374965,31.999288436439944,-47.83794171566953
980.980980980981,71.52356301613426,-1.0484729951569902,35.6827498834318,-61.98678429535908
990.990990990991,88.07293346501436,-1.0823524504726125,41.32842658363546,-77.77404943330328
1001.001001001001,107.9774532536139,-1.0899610258103325,49.941723266291206,-95.73376984288022
1011.011011011011,132.51783893903504,-1.0728220438073741,63.29672465755256,-116.42380463074556
1021.021021021021,163.67007332653986,-1.0274676145777422,84.61549715169342,-140.10035883068502
1031.031031031031,204.2694859756937,-0.9441636876038384,119.78781465873881,-165.4596698898489
1041.0410410410411,257.3714571267516,-0.8037932207432702,178.6108017357806,-185.30582410396335
1051.051051051051,321.3663252881354,-0.5759422418076715,269.5233509680769,-175.02422207265624
1061.061061061061,374.2341698163093,-0.23810354444310275,363.67590878749076,-88.26690900725433
1071.0710710710712,372.46474735626646,0.15704722523821252,367.8809763157738,58.254401448478056
1081.081081081081,317.92316305747903,0.48939557098108283,280.6044384377666,149.45329282922495
1091.0910910910911,254.22704064922172,0.7117777810925207,192.50118815480394,166.05625780514808
1101.101101101101,201.83090746136557,0.8484544988790076,133.43918488187313,151.42555644520377
1111.111111111111,161.81392303480857,0.929371352696721,96.81938677254371,129.65242779409698
1121.1211211211212,131.07490051121619,0.9730547556613869,73.76594888272187,108.34765493289129
1131.131131131131,106.82214796082341,0.9888436890585767,58.71545587466589,89.23825713444997
1141.1411411411411,87.12208842038939,0.9799267085111552,48.534270422319985,72.3511083902884
1151.1511511511512,70.72476000214176,0.9445167291297519,41.454221852873715,57.30217419900643
1161.161161161161,56.877733730630545,0.8751875772178866,36.450259083096235,43.66297295315183
1171.1711711711712,45.24771730055576,0.7563102397301169,32.911969046944975,31.050897158760957
1181.1811811811813,35.98329264201655,0.5608252299714654,30.471244918857863,19.13898070577379
1191.1911911911911,29.90423494751562,0.258479301623583,28.910810358330693,7.643841457072038
1201.2012012012012,28.35733091550714,-0.13053120582946798,28.116092021986727,-3.6910142322607693
1211.2112112112113,31.86398444703201,-0.4941375402977248,28.052353390171273,-15.112212747101074
1221.2212212212212,39.36089601848884,-0.7515177870084455,28.75917423598542,-26.87359359375896
1231.2312312312313,49.625268296106995,-0.9124654701706697,30.36060953237593,-39.25430730866622
1241.2412412412411,62.127434800958156,-1.009016674544361,33.09486052444086,-52.578972620384214
1251.2512512512512,76.92887580391809,-1.0634770153969249,37.37481264231465,-67.23968554660655
1261.2612612612613,94.5290055593809,-1.0877779052193226,43.90441184931437,-83.7146075199021
1271.2712712712712,115.86251064578774,-1.0868968026362482,53.903238823712506,-102.56004201178493
1281.2812812812813,142.42546456238696,-1.0606577700254411,69.54609325943512,-124.29140705681024
1291.2912912912914,176.48453217283455,-1.0036659499871503,94.80994233988334,-148.85518106459133
1301.3013013013012,221.12114933700533,-0.9033676834262782,136.8670153502672,-173.6720553031717
1311.3113113113113,278.753509988365,-0.7365942055515986,206.48966118989827,-187.25794816913518
1321.3213213213214,343.0553179996367,-0.4711871818532479,305.6725805644938,-155.72804724543008
1331.3313313313313,381.42845539095276,-0.1017669331689204,379.45502587079426,-38.74983771995553
1341.3413413413414,357.2930109284854,0.28399114506298656,342.9815719638259,100.1096246699871
1351.3513513513512,295.2158437569741,0.5782040185566842,247.22719204044918,161.3415938961091
1361.3613613613613,234.563552059259,0.7670419005291834,168.8779612716867,162.78910943725748
1371.3713713713714,186.72510373724984,0.8815914422933154,118.74292845191283,144.10545204242143
1381.3813813813813,150.28549420051502,0.9480738519243179,87.65382936613139,122.07594343090761
1391.3913913913914,122.06220511846888,0.9814045627457194,67.84894952646368,101.46773855043068
1401.4014014014015,99.564410866944,0.9885409055517441,54.75137725892871,83.15863514712167
1411.4114114114113,81.12058056930736,0.9709112012511742,45.79643391307091,66.95696552821981
1421.4214214214214,65.66936109235021,0.9249456412250271,39.52494394796337,52.44276682429936
1431.4314314314315,52.60577628843656,0.8407649778946852,35.082423707187694,39.19937812948554
1441.4414414414414,41.74809580014488,0.6990360958796793,31.95661413717511,26.864071095531568
1451.4514514514515,33.45440540765077,0.46918524767123976,29.83922140692369,15.126734842920994
1461.4614614614616,28.79312206072777,0.12939259973873715,28.552424534799506,3.715229627970177
1471.4714714714714,29.02927906457836,-0.2656629119163838,28.010893231768495,-7.62160766293001
1481.4814814814815,34.081384121645925,-0.5959933281864664,28.205457714210343,-19.130940875426685
1491.4914914914914,42.6422012745919,-0.8164170774621236,29.20293423608989,-31.073235453447964
1501.5015015015015,53.70625271874523,-0.9517780499888028,31.16229466343266,-43.74097589673928
1511.5115115115116,66.97331870608558,-1.0318434087980193,34.37322660571009,-57.479619964117866
1521.5215215215214,82.66614810570644,-1.0749281592544728,39.33217568496709,-72.70950418288847
1531.5315315315315,101.42793098103922,-1.0902304560764986,46.88820800260188,-89.9395415454137
1541.5415415415416,124.36771828653802,-1.0808385398603353,58.52603562938585,-109.73619505572235
1551.5515515515515,153.2234372131483,-1.0448693843500299,76.92044770154821,-132.51666475128695
1561.5615615615616,190.56657266949085,-0.9747698830278857,106.9761667067962,-157.7076991643594
1571.5715715715717,239.58843131115373,-0.8547177584437052,157.27338253521754,-180.74208022502827
1581.5815815815815,301.19253009114846,-0.657434183442913,238.41279484379805,-184.0550989173525
1591.5915915915916,361.8317056331027,-0.35293403744073315,339.5293385977102,-125.06802722023613
1601.6016016016015,380.31161011309285,0.036831739470922865,380.0536782760438,14.004371305509121
1611.6116116116116,337.53495516367684,0.3988150636322932,311.04581378558004,131.07382531921317
1621.6216216216217,272.993258389385,0.6540751226729475,216.65044907320166,166.0960626939531
1631.6316316316315,216.52638751109117,0.8135028710073068,148.7443443245601,157.3492819178401
1641.6416416416416,172.99062307043465,0.9090766984188967,106.29831586134904,136.47865662929888
1651.6516516516517,139.73281815496173,0.962873794958481,79.81027604350453,114.69777812750868
1661.6616616616616,113.72753336900014,0.9866632884760212,62.718048234261424,94.87042885895424
1671.6716716716717,92.78667543379149,0.9853131779904618,51.274114003536546,77.33260871849664
1681.6816816816818,75.47339367639596,0.9585538639468846,43.37486489360084,61.76450638104477
1691.6916916916916,60.8961939468788,0.9008777474993909,37.81179662631491,47.734835006586955
1701.7017017017017,48.5933012329544,0.7995622602394507,33.8705347934926,34.843877475382314
1711.7117117117118,38.54864825861245,0.6312080433565916,31.120909928017266,22.748346045777957
1721.7217217217217,31.356459012046603,0.36365134708168545,29.305881808112694,11.153152613637458
1731.7317317317318,28.283391750402053,-0.007235775653716675,28.28265134464922,-0.2046504916256669
1741.7417417417416,30.29113831637735,-0.3920205209029528,27.993222083784868,-11.572924343907339
1751.7517517517517,36.71423227283866,-0.6840622739348174,28.453969866076037,-23.20143207313688
1761.7617617617618,46.21689616774298,-0.8711613785399771,29.76083589712758,-35.359498555327086
1771.7717717717717,58.04691348697185,-0.9845821455280342,32.11220572213243,-48.35545893716076
1781.7817817817818,72.10647647541786,-1.0503196556174594,35.858099780653276,-62.55829784945163
1791.7917917917919,88.7673452439401,-1.0831028573241122,41.595446848829745,-78.41849515964353
1801.8018018018017,108.8222086094771,-1.0897664487958652,50.351211817753565,-96.47294208807082
1811.8118118118118,133.57441045788426,-1.071643727424548,63.93962621414116,-117.27679791317316
1821.821821821822,165.03103041351798,-1.0250622833471044,85.65863867658956,-141.0596987782867
1831.8318318318318,206.05833240302294,-0.9399961947077086,121.53137012444628,-166.4036130268497
1841.8418418418419,259.6714210280526,-0.7968947166561544,181.49239054455074,-185.71418651560364
1851.851851851852,323.8474916149948,-0.5650297707512217,273.5127375305933,-173.40121174272363
1861.8618618618618,375.41232334299747,-0.22329911521550252,366.0916518983053,-83.13431859441268
1871.871871871872,371.08230686373497,0.17160963463061066,365.63154137520917,63.36919140165733
1881.8818818818818,315.41762121643643,0.49990305132556906,276.81966329870323,151.19242634810757
1891.8918918918919,251.97078521241082,0.7183761241380995,189.70262996420146,165.83783882221852
1901.901901901902,200.08577755745625,0.8524301922567024,131.6875435631805,150.6409945900096
1911.9119119119118,160.4849145676357,0.931649164530973,95.7310436321584,128.80595905810847
1921.921921921922,130.04038972089353,0.9741375251067115,73.0673174352386,107.57169740029181
1931.931931931932,105.9927127203918,0.9889534843165262,58.2498294414774,88.5517505183624
1941.9419419419419,86.43865395500347,0.9790852074462943,48.2139292910648,71.74299910004488
1951.951951951952,70.15019910314045,0.9425533237215399,41.22896596260471,56.75581732179204
1961.961961961962,56.391631283263635,0.8716766412584431,36.290503635510966,43.162662390873464
1971.971971971972,44.84596942226937,0.7504379081384116,32.79990718952202,30.58311726724176
1981.981981981982,35.68367508681996,0.5513405383617576,30.396177803224454,18.692165274694656
1991.9919919919919,29.75291878554589,0.2446885793315426,28.866663088822165,7.207769306499867
2002.002002002002,28.401427277686604,-0.14578583415263255,28.100146450086342,-4.125874561038031
2012.012012012012,32.08736333124132,-0.5061130662811798,28.064744589103995,-15.555352670365531
2022.022022022022,39.70921044946337,-0.7592569547243344,28.802984882184496,-27.335132273256377
2032.032032032032,50.064703707972285,-0.917175136336004,30.442604202547905,-39.74572186706472
2042.042042042042,62.65086372949238,-1.0117783017815631,33.22713359011908,-53.113918321244235
2052.052052052052,77.54786379380988,-1.0649154935323146,37.57799923577756,-67.83483730664643
2062.062062062062,95.27094535187051,-1.0881946741953483,44.21384170962122,-84.3901014901372
2072.072072072072,116.77327993828688,-1.0863748796769392,54.38090194667601,-103.33787500723788
2082.0820820820823,143.576408302648,-1.0590926956107136,70.30410829948195,-125.18593122752812
2092.092092092092,177.98038613195146,-1.0007269273540744,96.0543191128927,-149.83519488904173
2102.102102102102,223.0876112816514,-0.8983845113713987,138.95560938497698,-174.52627575182737
2112.1121121121123,281.20000162227575,-0.728435053931331,209.83625098070007,-187.19558938910004
2122.122122122122,345.3203220547095,-0.4587216919929202,309.62085427712026,-152.90863749531798
2132.132132132132,381.724024212679,-0.08640193026579435,380.30006944818,-32.94067149940071
2142.1421421421423,355.28585106156083,0.29736400859580836,339.6931217282738,104.09908268105798
2152.152152152152,292.7111737909376,0.5872307490346208,243.67566940722872,162.17891170250053
2162.162162162162,232.4832834278783,0.7726020786557503,166.4805452178706,162.27355033204805
2172.1721721721724,185.13736613293673,0.8849024667983935,117.25952436144371,143.26914631269727
2182.1821821821823,149.06962525368994,0.9498995964315827,86.723454215062,121.24683774137614
2192.192192192192,121.1062026492371,0.9821371770856746,67.24377771731153,100.72232462777495
2202.202202202202,98.79023735825463,0.9883280288134578,54.34321584841017,82.50045992934459
2212.2122122122123,80.47755762642649,0.9697105089315216,45.513141491642756,66.37161466377401
2222.222222222222,65.12648342823127,0.9225090214815059,39.32480805547059,51.91356581018181
2232.232232232232,52.14802270749209,0.8365496233802808,34.940643016750414,38.71133862161216
2242.2422422422424,41.377991470593315,0.6920626166874253,31.858216686554734,26.404397506722596
2252.252252252252,33.19939987339103,0.45817147084767457,29.77530577080288,14.684390290662709
2262.262262262262,28.706209186527065,0.11452150358042484,28.518171358369376,3.280296973649124
2272.2722722722724,29.141003031824084,-0.2801892268045201,28.004595043579467,-8.058580156944817
2282.2822822822823,34.35394226113654,-0.6064294916540024,28.228229559998578,-19.579591537862214
2292.292292292292,43.024627175560354,-0.8229617919498184,29.25901457977513,-31.544074077653203
2302.3023023023025,54.17482920530747,-0.9557189993915283,31.260050936305717,-44.24614485900221
2312.3123123123123,67.52810959537648,-1.0340974219944277,34.52724516564728,-58.033739555507395
2322.322322322322,83.32422132203246,-1.0759921483870687,39.56728351733043,-73.33045706923038
2332.3323323323325,102.22255446363219,-1.0903224516919572,47.247208296133174,-90.6485077058197
2342.3423423423424,125.35264946643831,-1.07997673922327,59.08483081444279,-110.55437348148841
2352.352352352352,154.48095943487843,-1.0428789567240828,77.8175183678892,-133.4496184445043
2362.3623623623625,192.2127918378667,-0.9712187516636626,108.4644830124739,-158.68589499682645
2372.3723723723724,241.7375833882729,-0.8487823236202464,159.76375793545898,-181.41830357696068
2382.3823823823823,303.71508424207076,-0.6478572233743611,242.1759539969572,-183.28573240116592
2392.3923923923926,363.6366932923761,-0.3390580548807733,342.93426499221545,-120.94517188735799
2402.4024024024025,379.66961918666664,0.05207737370546368,379.1548934959386,19.763260647776246
2412.4124124124123,335.1606573675758,0.4107175145077473,307.28688012327086,133.81868162245559
2422.4224224224226,270.59331463652416,0.661751147638806,213.475764135403,166.27940357358375
2432.4324324324325,214.6254026945048,0.8181711568029535,146.70874290278408,156.65442297510515
2442.4424424424424,171.54537378834695,0.9118109645493384,105.03980221781673,135.62615978573461
2452.4524524524522,138.617181510809,0.9642919753997053,79.01162218512897,113.89419023670611
2462.4624624624626,112.84122514947731,0.9870622130098822,62.191714039748646,94.15589624677342
2472.4724724724724,92.06211047932311,0.9847723067581019,50.91521078599042,76.70119618705604
2482.4824824824823,74.867375699867,0.9569649189257153,43.12388193336464,61.20012051607629
2492.4924924924926,60.383411789521936,0.8979044518583541,37.63396752521264,47.22119129854961
2502.5025025025025,48.164315296818614,0.7945258389366647,33.745035439083225,34.366755029044754
2512.5125125125123,38.213566890243875,0.6229674083178626,31.03517537908846,22.295618037281777
2522.5225225225226,31.15298471024332,0.3510919356409122,29.25258194329555,10.714238470718925
2532.5325325325325,28.265346414943817,-0.022624628495882135,28.258112578174476,-0.639438406724835
2542.5425425425424,30.465210607695223,-0.40532744677353993,27.99671597192247,-12.013032596256735
2552.5525525525527,37.02952292846381,-0.6930170659850655,28.48762786134711,-23.656724776330027
2562.5625625625626,46.63061015254712,-0.8766725585407795,29.830170242674715,-35.84096464231779
2572.5725725725724,58.54460867111945,-0.987861456506465,32.227430248032526,-48.876005811264
2582.5825825825827,72.69456924758278,-1.0521230312495722,36.036759689934804,-63.133607129178806
2592.5925925925926,89.46832655003391,-1.0838170988434475,41.86745660212368,-79.06767691878137
2602.6026026026025,109.67574241066067,-1.089535404488786,50.768598438371804,-97.21788871361558
2612.612612612613,134.64312918198175,-1.070421480798352,64.5956421675734,-118.13625713080062
2622.6226226226227,166.40902504158336,-1.0225959904730353,86.72441717021411,-142.02407923228014
2632.6326326326325,207.87000327509233,-0.9357356661788497,123.31396319462222,-167.34277618953934
2642.642642642643,261.99433093352997,-0.7898506479381379,184.43127619098334,-186.08098721759094
2652.6526526526527,326.3198879852468,-0.5539221937081701,277.52458637596845,-171.6530607112837
2662.6626626626626,376.50240193452174,-0.20837327485259421,368.3581758762906,-77.88653880842247
2672.672672672673,369.6155438434503,0.1860883543410059,363.2343050172178,68.3848660841586
2682.6826826826828,312.90047942683316,0.5102609834186617,273.042300109135,152.82215931158382
2692.6926926926926,249.72925700025033,0.7248633444485257,186.9448335171607,165.57877588368066
2702.7027027027025,198.35570171366606,0.856334165929549,129.96487798054957,149.8469715870886
2712.712712712713,159.16681930519712,0.9338781241967729,94.6598042201973,127.95936008251677
2722.7227227227227,129.01329158935658,0.9751821437080649,72.37868638934923,106.79773014101274
2732.7327327327325,105.16831973022389,0.9890276093660753,57.7902593324828,87.86729426335481
2742.742742742743,85.75876146552274,0.9782035115950759,47.89743682748515,71.13649354204561
2752.7527527527527,69.57831689281939,0.9405367927542968,41.006290596783316,56.210553396401956
2762.7627627627626,55.90790199183367,0.8680868888007766,36.13258450192703,42.66297976395439
2772.772772772773,44.44697453994502,0.7444419391461541,32.68924468508579,30.115557900744772
2782.7827827827828,35.38823743541029,0.5416757664730802,30.322266353075584,18.24520517829587
2792.7927927927926,29.60822533482445,0.23073537111302936,28.823562467615798,6.771207732243222
2802.802802802803,28.453278532640734,-0.1610127752791406,28.085247426371343,-4.561571686988584
2812.812812812813,32.31688132800725,-0.5179362350514433,28.078288842256104,-15.999703574108484
2822.8228228228227,40.06199716243577,-0.7668665333441939,28.848181767460478,-27.798309757152012
2832.832832832833,50.50802930777451,-0.9218001700819017,30.526394166163893,-40.239287813864244
2842.842842842843,63.17843454556693,-1.0144841292829965,33.361883062419416,-53.65164815882115
2852.8528528528527,78.17188018700104,-1.066312817595479,37.784796996380436,-68.43355878451132
2862.862862862863,96.0194658556526,-1.0885755855688517,44.52881810629128,-85.07010157077315
2872.872872872873,117.69306845661693,-1.0858152307698576,54.867524069895694,-104.12114658018962
2882.8828828828828,144.74005971164408,-1.0574803959947903,71.07728663580335,-126.08609840034762
2892.892892892893,179.49409277262592,-0.9977202865715268,97.32514570519032,-150.8175896695459
2902.902902902903,225.07678132394764,-0.8932963564604708,141.08872903574235,-175.36683845649674
2912.912912912913,283.66233766656626,-0.7201155531802793,213.2373558085118,-187.06723897640438
2922.922922922923,347.5498004658087,-0.44607349958616527,313.5413744357534,-149.942223275374
2932.932932932933,381.9153612507049,-0.0709971538223221,380.9532250049272,-27.092130178369402
2942.942942942943,353.2229104664819,0.3105991311140601,336.32141632560376,107.95521941597909
2952.9529529529527,290.2111220350148,0.5961106548693837,240.1570912164331,162.93270663462292
2962.962962962963,230.42063564240976,0.7780626752777097,164.12278535999698,161.73243538489277
2972.972972972973,183.56440070395007,0.8881491462227687,115.80145420478868,142.42862215810618
2982.982982982983,147.86413984888884,0.9516800961650677,85.80787485271281,120.41931932423856
2992.992992992993,120.15729958053139,0.9828328370142748,66.64736713041968,99.9795233888851
3003.003003003003,98.02099636124751,0.988078856782961,53.94046151488549,81.84462315395469
3013.013013013013,79.83811356164794,0.968466986674459,45.23335524004046,65.78805325293413
3023.023023023023,64.58644406188272,0.9200135994795837,39.127070844655854,51.38561164057491
3033.033033033033,51.692954179043774,0.8322448149130067,34.80060353571204,38.2240697114646
3043.043043043043,41.01120954947079,0.6849494768734835,31.761172686525292,25.945080810961528
3053.053053053053,32.949505443713186,0.4469732129152383,29.712530335418315,14.242031106978091
3063.063063063063,28.62669394443791,0.09954698428184293,28.484971463975814,2.8449968163429658
3073.073073073073,29.260066636441447,-0.29461464655008623,27.999370591216536,-8.496278365538197
3083.0830830830832,34.63181056933598,-0.6167063889096392,28.25220656753953,-20.029356639079733
3093.093093093093,43.41101129701429,-0.8293901536118633,29.316569826222572,-32.01647443822819
3103.103103103103,54.64706779187138,-0.9595852242076154,31.35975088856271,-44.75341375198854
3113.1131131131133,68.08700653546589,-1.036300883174504,34.68399232700406,-58.59062327045939
3123.123123123123,83.98745999200396,-1.077017180721495,39.806443254271414,-73.95498976643115
3133.133133133133,103.02411152304771,-1.090378675256205,47.612550905673395,-91.36198635848517
3143.1431431431433,126.34726112088278,-1.0790752860719555,59.654066030309515,-111.37783800559251
3153.153153153153,155.75225152907072,-1.0408366349494542,78.73253927486455,-134.38731754040938
3163.163163163163,193.87809384400455,-0.9675909003628411,109.98415786348693,-159.66277052476644
3173.1731731731734,243.90865807180745,-0.8427266853496735,162.30412361893008,-182.06813268301772
3183.1831831831832,306.24159145929013,-0.6381064345851202,245.9809475775154,-182.42062868104136
3193.193193193193,365.37585249932073,-0.3250318726634607,346.244973348572,-116.67875565179844
3203.203203203203,378.9271132788845,0.0672801614871507,378.06980719433716,25.475047907811664
3213.2132132132133,332.7585456879345,0.42245851514426086,303.5036444210555,136.43235522223702
3223.223223223223,268.20713524953646,0.6692930620214063,210.34425356216013,166.40421386533706
3233.233233233233,212.74245057732654,0.8227522971941463,144.70875415038893,155.94462719147626
3243.2432432432433,170.11386898073155,0.9144879767280836,103.80285444629236,134.77275625435337
3253.253253253253,137.51107265106182,0.9656682404452139,78.22556951706757,113.09312700326237
3263.263263263263,111.96148555654925,0.9874250457653732,61.67295067066858,93.44421546357306
3273.2732732732734,91.34219472960436,0.9841939354092466,50.56106576110718,76.07217077960874
3283.2832832832833,74.26483242176059,0.9553294366449703,42.87604371011197,60.63753136796343
3293.293293293293,59.87352287442839,0.894864763631685,37.45833223270486,46.7088009666166
3303.3033033033034,47.73827463119889,0.7893864280758635,33.62116151223074,33.89041698374722
3313.3133133133133,37.88239871537845,0.6145700144404279,30.950732525685513,21.843266435091152
3323.323323323323,30.95554219196955,0.3383576639655034,29.200396744470915,10.275330766661442
3333.3333333333335,28.255071204092875,-0.0380404380414544,28.234630066718008,-1.0745760763863657
3343.3433433433433,30.64591620883942,-0.4184875923969975,28.001314482444872,-12.453857536298932
3353.353353353353,37.34942595835529,-0.7018209133728317,28.522556019349736,-24.113137861790616
3363.3633633633635,47.04795318597124,-0.8820820468227736,29.901093756455253,-36.32402085613615
3373.3733733733734,59.04589995644268,-0.9910752003916716,32.34479180697836,-49.39871197338513
3383.3833833833833,73.28689346903657,-1.0538804787636766,36.2184774901373,-63.711777895757486
3393.3933933933936,90.17479504600708,-1.0844941000089958,42.14409322643406,-79.72056866148796
3403.4034034034034,110.5367931691695,-1.089268113257569,51.19336412776792,-97.9674543580955
3413.4134134134133,135.72248348025437,-1.0691567697431636,65.2640210429168,-119.00084066660048
3423.4234234234236,167.80217405008898,-1.0200716009224633,87.81170631938308,-142.99186637433183
3433.4334334334335,209.70199238427873,-0.9313868268493747,125.13372932247096,-168.27499931893232
3443.4434434434434,264.3364245476114,-0.7826689205322656,187.42351545430557,-186.40324889165623
3453.4534534534537,328.777515981129,-0.5426347960915043,281.5489750577234,-169.77876680747505
3463.4634634634635,377.5001918060709,-0.19335401903517954,370.4655801032804,-72.53722335711693
3473.4734734734734,368.0691353408351,0.20045692714885308,360.6988078632308,73.28886952733077
3483.4834834834833,310.37712769539047,0.5204555758026153,269.28093739286066,154.34292388465036
3493.4934934934936,247.5057635886937,0.7312324141108634,184.2314044715494,165.28125306901174
3503.5035035035035,196.64283626716056,0.8601624139264074,128.27294891123992,149.04514629067177
3513.5135135135133,157.86119227360066,0.936055946665808,93.6067115108949,127.11388431701239
3523.5235235235236,127.99479787164672,0.976187516113786,71.70073368994564,106.02675638973021
3533.5335335335335,104.34991911177808,0.9890659162704656,57.337206336809736,87.18572353387184
3543.5435435435434,85.08319125784172,0.9772823375873948,47.58511436930698,70.5323069598496
3553.5535535535537,69.00976958684457,0.9384687596547133,40.78642306652795,55.667009905935984
3563.5635635635635,55.42710817392974,0.8644210538106257,35.976662855720114,42.16448802357687
3573.5735735735734,44.051220464340005,0.7383268346823266,32.58009410239278,29.648735094049442
3583.5835835835837,35.09739309269496,0.5318397266075737,30.249585599194653,17.79858345431307
3593.5935935935936,29.470411761138195,0.21663900897521754,28.781552785295755,6.334618270919451
3603.6036036036035,28.512817261358457,-0.17618763341111449,28.07141227184774,-4.997655574724694
3613.613613613614,32.55222628327029,-0.5295935143662874,28.092977901064728,-16.444817683620638
3623.6236236236236,40.41885744749397,-0.774340396905866,28.894730362854652,-28.26267139919304
3633.6336336336335,50.954799982243216,-0.9263372663318339,30.61191574402668,-40.73453394493455
3643.643643643644,63.70965464942237,-1.0171322301775567,33.499010762767,-54.19166332070539
3653.6536536536537,78.80037414426269,-1.0676679644761358,37.99506484826685,-69.03530989610881
3663.6636636636636,96.77394078173371,-1.0889203161798784,44.84914484365387,-85.75400761025375
3673.673673673674,118.62114822827446,-1.085218145287434,55.362836701537994,-104.90916604069017
3683.6836836836837,145.91554516625388,-1.0558217619987986,71.86526099009787,-126.99106497699039
3693.6936936936936,181.0245387567836,-0.9946475888647838,98.6218869822662,-151.80120895488074
3703.703703703704,227.08703111041098,-0.8881057379174769,143.2653188358092,-176.1918503149754
3713.713713713714,286.1375265111612,-0.7116405609601074,216.68951176221927,-186.86984660500082
3723.7237237237237,349.7386795319925,-0.43325485761001187,317.42425322377204,-146.82979066290463
3733.7337337337335,382.0016087072668,-0.05557393586542036,381.41186172238594,-21.218406924256136
3743.743743743744,351.1089953903481,0.3236822786741472,332.8761382361496,111.67364611674196
3753.7537537537537,287.7188987689328,0.6048380242651117,236.67590095351164,163.60526463610802
3763.7637637637636,228.37728888582947,0.7834209774995071,161.8061038597468,161.1675241249627
3773.773773773774,182.00727250079566,0.8913299102439243,114.3693721756423,141.58493546747235
3783.7837837837837,146.6698201891514,0.9534144556397531,84.90750107759686,119.59411530286887
3793.7937937937936,119.21611284392016,0.983491158377802,66.06000386811017,99.23989848120348
3803.803803803804,97.25719385140378,0.9877934412376421,53.543320356643356,81.1915919355902
3813.813813813814,79.20267507440147,0.9671810904753614,44.95722520599745,65.20668401872958
3823.8238238238237,64.04961180869708,0.9174602373750197,38.931841734111366,50.85926141849578
3833.833833833834,51.240898212019246,0.8278519117952258,34.662384364503396,37.73789553939047
3843.843843843844,40.64805000208457,0.6776991941701345,31.66553782160343,25.4864215503191
3853.8538538538537,32.70498665551203,0.43559754009692087,29.6509319072054,13.799941636524721
3863.863863863864,28.554695109461388,0.08448601738605065,28.45284561818844,2.4096034988837842
3873.873873873874,29.386336461065387,-0.3089237999832153,27.995226154447863,-8.934432447797636
3883.8838838838838,34.9147428928018,-0.6268180950523146,28.27738104438286,-20.479965638184815
3893.893893893894,43.80108534085334,-0.8356999111264907,29.37557792960374,-32.49016002328236
3903.903903903904,55.12268475301436,-0.9633755091586637,31.461356953964625,-45.26249433024459
3913.913913913914,68.64970295331429,-1.0384530622938288,34.84341325189331,-59.14996423106334
3923.923923923924,84.65552629908056,-1.0780028829366546,40.049581015591045,-74.58276740273138
3933.933933933934,103.83222310803168,-1.090399057115092,47.98414259995545,-92.07959933939335
3943.943943943944,127.35111822628018,-1.0781343813072597,60.23363279381722,-112.20613527763791
3953.953953953954,157.0367916297414,-1.0387428633613314,79.66539519255065,-135.32914961004354
3963.963963963964,195.56177146687224,-0.9638870099053571,111.53502980842781,-160.63730446223968
3973.973973973974,246.10037976076362,-0.8365520142957847,164.8937445962665,-182.689490424089
3983.9839839839838,308.76906573553305,-0.6281854454364199,249.82357293992925,-181.45665696998213
3993.993993993994,367.0449583313935,-0.31086747616228944,349.45197245866024,-112.27341796367548
4004.004004004004,378.0859834218979,0.08242410418105192,376.80240275906976,31.128124503339393
4014.014014014014,330.3325326327655,0.4340311523193167,299.70340621193867,138.91526345416034
4024.024024024024,265.83654723970983,0.6766988750547163,207.25792288167665,166.4728904389644
4034.034034034034,210.87838337327747,0.8272454254194537,142.74481854084328,155.22116271265563
4044.044044044044,168.6966457243244,0.9171072004682383,102.58765820612334,133.91911985382012
4054.054054054054,136.41489980044375,0.9670022766711368,77.45225582276379,112.2950264060268
4064.064064064064,111.08864952477411,0.9877516700125825,61.16187052923008,92.73571936747885
4074.074074074074,90.6272129952114,0.9835781215069964,50.21176872415243,75.44580847781832
4084.084084084084,73.66601247064794,0.9536476144108059,42.63142016106043,60.076979021725016
4094.094094094094,59.366750916935466,0.8917589697816785,37.28494405310051,46.1978794036114
4104.104104104104,47.315390108626275,0.7841444440934251,33.498952623605376,33.41506118882519
4114.114114114114,37.555353815425704,0.6060173980779334,30.867609622478387,21.39147672312713
4124.124124124124,30.764315935582125,0.32545590477984376,29.149344817478614,9.836606716548399
4134.134134134134,28.25258900226007,-0.053468046522884685,28.21221391968657,-1.509891082320198
4144.144144144144,30.833100412153655,-0.4314922957086885,28.007019929121046,-12.895228408824966
4154.154154154154,37.67375199485111,-0.7104717522992561,28.55874922722329,-24.570499220531133
4164.1641641641645,47.46874050234609,-0.887389300330197,29.973594109849632,-36.808490610415674
4174.174174174174,59.55060080906315,-0.9942230649677952,32.46427123887564,-49.92339280987526
4184.184184184184,73.88325327636146,-1.0555917820102376,36.40322847886389,-64.29261288059935
4194.194194194194,90.88654045370292,-1.0851337474405998,42.42533033924186,-80.37695304780334
4204.204204204204,111.40513185644532,-1.0889645611361476,51.625490894831934,-98.72138620288713
4214.214214214214,136.81221813044837,-1.0678496505303332,65.94477588056976,-119.87021967042027
4224.224224224225,169.21016767504867,-1.017489178064084,88.9205845566642,-143.96253153761646
4234.2342342342345,211.55379921654583,-0.9269496860706535,126.9907508255905,-169.1991701153034
4244.244244244244,266.69642607381627,-0.775349891707721,190.468230919869,-186.67843124153902
4254.254254254254,331.21700051144654,-0.5311713899506103,285.5800349139308,-167.77587754608123
4264.264264264264,378.4030429145696,-0.1782539241341999,372.4071680239729,-67.09518679734079
4274.274274274274,366.44653538286764,0.21470459502788872,358.0326940734653,78.07466470375454
4284.284284284285,307.8503020575324,0.5304841666485549,265.54003597215177,155.75717567040786
4294.294294294295,245.30128578880328,0.7374830455575632,181.5630262989335,164.9472288061031
4304.304304304304,194.94759620100515,0.8639148695643663,126.61176168178612,148.23638915052118
4314.314314314314,156.56829962514493,0.9381825451521512,92.57175093593241,126.26996228780958
4324.324324324324,126.98512323687109,0.9771535693088915,71.03347668297539,105.25904575765699
4334.334334334334,103.53769736405404,0.989068367648871,56.890702353193866,86.50724109119852
4344.344344344345,84.4121099815879,0.9763216680260676,47.27699572401666,69.93060836897533
4354.354354354355,68.44471000220764,0.93634916714228,40.56939364143583,55.12533561668835
4364.3643643643645,54.94939629866073,0.8606789391433776,35.82276368063947,41.667322398593456
4374.374374374374,43.65885891448814,0.7320923403256279,32.47247492749387,29.18277460760821
4384.384384384384,34.81130827173449,0.5218338592585938,30.17814985610907,17.352419279511267
4394.394394394394,29.339604066171173,0.20240840994296705,28.74064363948006,5.898115796430464
4404.404404404404,28.579995413879647,-0.19129809483775212,28.058646313015757,-5.434013704295285
4414.414414414415,32.793248984246524,-0.5410809282581559,28.108813260194687,-16.890583058209955
4424.424424424425,40.779648506003575,-0.7816783602578454,28.94262887684594,-28.72810411374832
4434.4344344344345,51.40488754368848,-0.9307866186680208,30.699164785404623,-41.23134420386791
4444.444444444444,64.24440065946837,-1.0197226773535475,33.63851209113975,-54.733842550916734
4454.454454454454,79.43322151293461,-1.0689809315815368,38.20880195045887,-69.63996075123498
4464.464464464464,97.53424346681024,-1.089228839410044,45.17483421083868,-86.44167399273486
4474.474474474475,119.55739024469206,-1.0845835762977314,55.86688567185761,-105.70175328465076
4484.484484484485,147.10272973187176,-1.0541166787755232,72.66815110663362,-127.90055867474376
4494.494494494495,182.5715454900609,-0.9915085453154487,99.94478580081534,-152.7855000118091
4504.504504504504,229.11791955730334,-0.8828121206050704,145.48557541342922,-176.9999107595547
4514.514514514514,288.62398334281096,-0.7030101282183246,220.19110623443567,-186.6003228719787
4524.524524524524,351.8832265550191,-0.420271010873694,321.26178490849145,-143.57113459251164
4534.534534534535,381.9824418453186,-0.04014463299221774,381.6746833410936,-15.330426432038227
4544.544544544545,348.947785556897,0.33660741480610007,329.365052651437,115.25284871524121
4554.554554554555,285.2362061408882,0.6134124785242179,233.23432314035782,164.19940256561972
4564.5645645645645,226.35372399568857,0.7886774328374611,159.53052595479662,160.5802592328905
4574.574574574574,180.46616175987185,0.8944450211422748,112.96310428016248,140.73866779151126
4584.584584584584,145.48678844675936,0.9551027698802799,84.02223747103965,118.77150004488594
4594.594594594595,118.28275244130495,0.9841121516370732,65.48165297299481,98.50361744126616
4604.604604604605,96.49893440743628,0.9874717359071465,53.151786687437266,80.54149187657164
4614.614614614615,78.57134271003245,0.9658526872788203,44.68475764165081,64.62761275000261
4624.624624624625,63.51608600911729,0.914848619458754,38.73913076101581,50.334609661727825
4634.6346346346345,50.791959854054106,0.823370281544278,34.52599572404037,37.25290331074063
4644.644644644644,40.2886363173532,0.670311107655665,31.571321003778266,25.02850188062283
4654.654654654654,32.4659860663948,0.42404677957833425,29.590517561059798,13.358200542436578
4664.664664664665,28.49028075383622,0.06934914867976259,28.42179898962615,1.9741934114205966
4674.674674674675,29.51971929687042,-0.3231082105717301,27.992165195124315,-9.372967249217021
4684.684684684685,35.20260938103918,-0.6367635407746309,28.30375520917479,-20.931343681023897
4694.694694694695,44.19474370934093,-0.8418917144599867,29.43604075848272,-32.965055376857386
4704.704704704704,55.6015920252792,-0.9670903335205806,31.564872396675636,-45.773309540901415
4714.714714714714,69.21611927729107,-1.0405541789245802,35.00551612633842,-59.711682345558195
4724.724724724725,85.32834619053601,-1.0789493249759954,40.2967172153174,-75.2137038396641
4734.734734734735,104.64682209508027,-1.0903835736928462,48.362031350863965,-92.80124621047624
4744.744744744745,128.3641642380311,-1.0771538989433018,60.8236382309316,-113.03912461126446
4754.754754754755,158.33453007126104,-1.0365973359049052,80.61630986887698,-136.27484726101247
4764.764764764765,197.26371760332947,-0.9601064469743146,113.11748244386106,-161.60881612167358
4774.774774774774,248.3122181432045,-0.8302573520388935,167.53273489327208,-183.2804965575415
4784.784784784785,311.2953365747878,-0.6180946493272521,253.70073551466112,-180.39047472782593
4794.794794794795,368.64052885672135,-0.2965723490513331,352.5470898189132,-107.73295213618877
4804.804804804805,377.14817786438954,0.09749876542344989,375.3570104081701,36.71325106647601
4814.814814814815,327.88564742737844,0.44543296347584166,295.8919457799241,141.26908441496175
4824.824824824825,263.4824995833811,0.6839693021566974,204.21757338326643,166.4878683512905
4834.8348348348345,209.03339599040436,0.8316512575863967,140.8166695071442,154.48503561250493
4844.844844844845,167.29375821226284,0.9196690079552989,101.39398002449892,133.06563174454394
4854.854854854855,135.32870735798892,0.968294234676891,76.69155924088886,111.50006177749606
4864.864864864865,110.22276896796924,0.9880421024542045,60.658418198831086,92.03051179137299
4874.874874874875,89.91722330706787,0.9829247632005667,49.86729714469972,74.82218736935812
4884.884884884885,73.07097850577614,0.9519191761027159,42.39000412265956,59.51853031008498
4894.894894894895,58.86316535524475,0.888586483696627,37.11380267439575,45.68848746330853
4904.9049049049045,46.895746097885684,0.7787988614698853,33.37841124247278,32.94074475487352
4914.914914914915,37.23254498178528,0.5973088646945156,30.785810007629596,20.940303436072693
4924.924924924925,30.579428391143757,0.312390889144622,29.099429536668303,9.398119033592048
4934.934934934935,28.257907144988973,-0.06889653234517504,28.190867311189027,-1.9453319659515123
4944.944944944945,31.02665094714064,-0.4443369425988655,28.0138354730891,-13.337094551752944
4954.954954954955,38.00239540868738,-0.718970083651083,28.596211278846933,-25.028758604728502
4964.964964964965,47.89289592905692,-0.8925952715386085,30.0476770889524,-37.29432372398676
4974.974974974975,60.0586528692991,-0.9973056042623651,32.585879009958,-50.449997756425596
4984.984984984985,74.48360142256233,-1.0572571940729376,36.591033147772606,-64.87606009965259
4994.994994994995,91.603526357572,-1.085736113754263,42.71120929083021,-81.03677339367162
5005.005005005005,112.28073719959285,-1.0886246829210429,52.065063143094044,-99.47961171008693
5015.015015015015,137.91233293037698,-1.066499888317937,66.63807826340386,-120.74426735733505
5025.025025025025,170.63301704288327,-1.0148482029538088,90.051382629976,-144.93576160349988
5035.035035035035,213.42532811654468,-0.9224232677493124,128.88551189450465,-170.11436007976005
5045.045045045045,269.0735349407046,-0.7678923660598441,193.56511652897782,-186.90402047203207
5055.055055055055,333.6354411130463,-0.5195335707795296,289.6125264749926,-165.64175824793907
5065.065065065065,379.2087821742975,-0.16308251267551538,374.1772479854294,-61.5685599000358
5075.075075075075,364.75099990256825,0.22882416536908934,355.24332218086016,82.73737955621343
5085.085085085085,305.32210205275453,0.5403465597068817,261.82299988634844,157.06782844499327
5095.0950950950955,243.11628247379417,0.7436163832089223,178.93972298519543,164.5785597878995
5105.105105105105,193.2700187028282,0.8675922970018477,124.98094765654064,147.42137854553053
5115.115115115115,155.28812914536104,0.9402582989867043,91.55468417018248,125.42783925414832
5125.125125125125,125.98427019486729,0.9780804472899053,70.37679166690376,104.49470575683036
5135.135135135135,102.7316738808371,0.9890349452654973,56.45068658453294,85.83191016453905
5145.145145145145,83.745548941887,0.9753213160103608,46.97305181482229,69.33144575717436
5155.155155155155,67.88317916920408,0.9341775711284029,40.35518902522649,54.58557257056577
5165.1651651651655,54.474820083953965,0.8568596697366228,35.670881545796,41.171522110858916
5175.175175175175,43.2699666917054,0.7257371125965066,32.36638566332585,28.717713986216754
5185.185185185185,34.530094049035306,0.5116580181799711,30.107959629158003,16.906749007547713
5195.195195195195,29.215896060703205,0.18805035166475756,28.70083666933942,5.461735723166649
5205.205205205205,28.654765766018404,-0.2063347957232919,28.04695210265512,-5.8706114550998745
5215.215215215215,33.039838608771554,-0.552396887649743,28.12579869174692,-17.336965802729107
5225.225225225226,41.14428863671429,-0.7888816317044633,28.991883233537617,-29.19457473562815
5235.235235235235,51.85823917956559,-0.9351492229014489,30.7881513020987,-41.72968619824631
5245.245245245245,64.78263719202509,-1.02225600270536,33.780404942588866,-55.27815412500918
5255.255255255255,80.07040040940349,-1.0702519509347483,38.426041566307525,-70.24747932322276
5265.265265265265,98.3003678639674,-1.0895011937242924,45.505949874019606,-87.13306403572945
5275.275275275275,120.50181119554783,-1.083911389366053,56.37979541711187,-106.49885055779741
5285.285285285286,148.30165919630136,-1.0523647776645366,73.48620021239365,-128.8144421201284
5295.295295295296,184.13516227064778,-0.9883023989518701,101.29428253366012,-153.7700436054722
5305.305305305305,231.1692844244681,-0.8774142006607395,147.74999600054494,-177.78969807938697
5315.315315315315,291.1204156662658,-0.6942231570565286,223.7408717037189,-186.25552004426433
5325.325325325325,353.9800125070216,-0.4071256931513177,325.04666266848113,-140.1660313433816
5335.335335335335,381.8578557017729,-0.024719362202239713,381.7411951190642,-9.438321366883585
5345.345345345346,346.74264901997503,0.34937078657017256,325.79533016112106,118.69232281236937
5355.355355355356,282.7643115396058,0.6218350210591007,229.833907542989,164.71803430100792
5365.3653653653655,224.35010531840797,0.7938332711549302,157.29571193467635,159.97196242887082
5375.375375375375,178.9410229470306,0.8974951918344275,111.58227154619439,139.89026545804063
5385.385385385385,144.3149991118623,0.9567453778097395,83.15186398334971,117.95162773252146
5395.395395395395,117.35719897422253,0.9846959222745356,64.91219943403205,97.77074468219881
5405.405405405405,95.7462194588061,0.9871136627797886,52.765801344914166,79.89435993286956
5415.415415415416,77.9441326772094,0.9644814817531285,44.41592206907781,64.05086795318256
5425.425425425426,62.98589602575197,0.9121781069173818,38.54892232060878,49.81168222502135
5435.4354354354355,50.346186402484655,0.8187987464148493,34.39142990754619,36.76911794139299
5445.445445445445,39.933046541517825,0.6627837189124748,31.478518879849354,24.571346223151814
5455.455455455455,32.23261435190369,0.41232215736313765,29.53128652925851,12.916831805260259
5465.465465465465,28.433501974393003,0.054145358600861955,28.391832624938097,1.5387900198894757
5475.475475475476,29.66013078912636,-0.3371614896565222,27.990190470590715,-9.811859958648725
5485.485485485486,35.49531274935652,-0.6465430541180128,28.331334037723586,-21.383468820973757
5495.495495495496,44.59192607433143,-0.8479669876666958,29.497966813817825,-33.44113970649836
5505.505505505505,56.083755626609296,-0.9707306195461296,31.67031187786429,-46.28584006739035
5515.515515515515,69.78623874974411,-1.0426047007465973,35.17032689793997,-60.27575984364135
5525.525525525525,86.00591896309459,-1.0798566911701224,40.547899167298326,-75.84778157471054
5535.535535535536,105.46792868001747,-1.0903322078164317,48.746306011294024,-93.52690324343328
5545.545545545546,129.38644924762912,-1.076133614358907,61.424252920897075,-113.87675092844445
5555.555555555556,159.6455504529615,-1.0343995246478377,81.58560801423027,-137.2242338086733
5565.5655655655655,198.98399129414048,-0.9562481902629039,114.73205881944645,-162.57670026912731
5575.575575575575,250.54383086848793,-0.8238411274413865,170.22142217434475,-183.83927387585325
5585.585585585585,313.8183976190524,-0.6078336123994394,257.60948892103625,-179.21868736834386
5595.595595595596,370.1593465873027,-0.2821529226318764,355.5225942313326,-103.06127719450254
5605.605605605606,376.1157945906696,0.11249545653648288,373.73838787772115,42.222131248112625
5615.615615615616,325.42060109218045,0.45666291290526917,292.07442634941776,143.49598282828197
5625.625625625626,261.1456538118958,0.6911058405424605,201.22359904720764,166.45154157090627
5635.6356356356355,207.2074876055986,0.8359709476736372,138.92383614263855,153.737147987198
5645.645645645645,165.90512118830418,0.9221740207678664,100.2214706817065,132.21257901917554
5655.655655655655,134.25243496816287,0.9695443917797467,75.94328604869476,110.70832669229053
5665.665665665666,109.36381390917373,0.9882963923677306,60.16249118453033,91.32862884786836
5675.675675675676,89.21221767683906,0.9822337046242339,49.52759654041307,74.20132723711738
5685.685685685686,72.47973878835332,0.9501436951312605,42.1517662359533,58.962200925826
5695.695695695696,58.362790449971605,0.8853464424000126,36.94489219752676,45.180640208173486
5705.705705705705,46.47939018842309,0.7733482056113294,33.259528955435556,32.467482901361855
5715.715715715715,36.91405714865533,0.5884430878243868,30.705329676883697,20.4897619461056
5725.725725725726,30.400982817777823,0.299166117607166,29.050649779255192,8.959883017644977
5735.735735735736,28.271024514305626,-0.08431626437653932,28.170591393389568,-2.380883792870886
5745.745745745746,31.226468049173327,-0.45701835295206117,28.02176461499653,-13.779441740788016
5755.755755755756,38.335277329358775,-0.7273172190740771,28.634948797692438,-25.48790292025575
5765.7657657657655,48.320377394784785,-0.8977013505706749,30.123354208918283,-37.781508741426315
5775.775775775775,60.570037725301475,-1.0003236216081224,32.70963501282823,-50.978517508574186
5785.785785785786,75.08793702882848,-1.0588771023904073,36.78192652120156,-65.46211246693953
5795.795795795796,92.32577086232041,-1.0863013220858129,43.00179352671291,-81.70002275891756
5805.805805805806,113.1636535050356,-1.0882483908845078,52.5121992761504,-100.24211391321326
5815.815815815816,139.02290857874252,-1.0651071486247132,67.34415339223092,-121.62291771527714
5825.825825825826,172.0708344422854,-1.0121479601539654,91.20451710826765,-145.9113022514435
5835.8358358358355,215.31660457385075,-0.917806266397299,130.81862518668203,-171.0196699490395
5845.845845845846,271.46706498701354,-0.7602946634277628,196.71398808930266,-187.0774552495974
5855.855855855856,336.03002740264003,-0.5077223858960276,293.6412246878287,-163.37383658361918
5865.865865865866,379.9155249503363,-0.1478484727113671,375.7707641052167,-55.96551565090059
5875.875875875876,362.9857599339851,0.2428098016745218,352.33802427361354,87.27301166923927
5885.885885885886,302.79436149311425,0.5500434225772179,258.13274572088073,158.27795468296233
5895.895895895896,240.95102565106103,0.7496340172483557,176.3612811815421,164.17702416082258
5905.9059059059055,191.61001752722757,0.8711957095890888,123.38002238231255,146.6007124598121
5915.915915915916,154.0205799876427,0.9422837263854557,90.55520586694503,124.58769501891045
5925.925925925926,124.99217376389797,0.978968356803432,69.73051230204015,103.73378984843603
5935.935935935936,101.93181460487705,0.9889656306808594,56.01706972640785,85.15974828467841
5945.945945945946,83.08349590748526,0.9742810314652511,46.67323391758491,68.7348276195083
5955.955955955956,67.32518205476823,0.9319533886257126,40.14378213500805,54.04772793193712
5965.965965965966,54.00340343867692,0.8529621289415462,35.52100130030198,40.677094900993694
5975.975975975976,42.884596943786775,0.7192594370559436,32.26181805991032,28.253561731227634
5985.985985985986,34.25384429190274,0.5013116181002839,30.039010964759477,16.46158160788257
5995.995995995996,29.099368917571862,0.1735711114130583,28.662130957262207,5.02548707984599
6006.006006006006,28.737078442643824,-0.22128951093028687,28.036331352522232,-6.307440186814555
6016.016016016016,33.29189782736695,-0.5635407363848774,28.143938830880625,-17.783958165478513
6026.026026026026,41.51271780043265,-0.7959518868581484,29.042502093134498,-29.662076989796848
6036.036036036036,52.314828210665794,-0.939426325440854,30.87889031185243,-42.229555808936226
6046.046046046046,65.32435915659228,-1.0247328795719852,33.92471522159692,-55.82459669673406
6056.056056056056,80.7119242174214,-1.0714813255274045,38.646829261508394,-70.85786688089469
6066.066066066066,99.07234976063936,-1.089737433224496,45.84257436771927,-87.82817806623672
6076.076076076076,121.45447864360243,-1.0832014132109065,56.901719871738834,-107.30044109055395
6086.086086086086,149.51244256341352,-1.0505655929407556,74.31969875588534,-129.7326206399627
6096.0960960960965,185.715516296459,-0.9850282158453001,102.67089225421063,-154.754453496449
6106.106106106106,233.24104755087427,-0.8719103916438079,150.05917410045456,-178.55987939881305
6116.116116116116,293.6255818910131,-0.6852781889619901,227.33755565175974,-185.83223114174535
6126.126126126126,356.0256952586385,-0.39382231733460243,328.77161004344634,-136.61450916296178
6136.136136136136,381.6281173724519,-0.009307440892191023,381.611587564502,-3.5519298616906623
6146.146146146146,344.4968123226807,0.36196962694266566,322.17381847733503,121.9921488794319
6156.156156156156,280.3042849895669,0.6301071638895175,226.47587464553948,165.16407111430203
6166.1661661661665,222.36647639780153,0.7988899780618254,155.10118675888097,159.34387873891095
6176.176176176176,177.4317311882568,0.9004812781992358,110.22642858619481,139.04011533940238
6186.186186186186,143.15434890610695,0.9583426946973588,82.29612092655428,117.1346067188231
6196.196196196196,116.43938839332453,0.9852426026139768,64.3515023307642,97.04130727265132
6206.206206206206,94.99901462250087,0.9867191260912244,52.38528748131222,79.25020148079378
6216.216216216216,77.32103175994594,0.9630671120886906,44.150675640480415,63.47645069560567
6226.226226226227,62.45904680986255,0.9094479317203609,38.36119205194298,49.29048054899189
6236.236236236236,49.903605251526216,0.814135914405705,34.25867302549564,36.28654212834742
6246.246246246246,39.581343562081166,0.6551152342634435,31.38712384232765,24.11495832643903
6256.256256256256,32.0049711443778,0.40042465014926043,29.47323532564386,12.475839746953895
6266.266266266266,28.384400679091325,0.03888318043680227,28.36294617027163,1.1033976860016605
6276.276276276276,29.807488319047486,-0.35107821166167497,27.989304574088944,-10.25110673776427
6286.286286286287,35.79276861745335,-0.6561575372644032,28.36012362311396,-21.836338369430138
6296.2962962962965,44.99258956821771,-0.8539274229286007,29.56136718401106,-33.91841220143076
6306.306306306306,56.56916195702509,-0.9742974338908756,31.777694501938885,-46.80008778476358
6316.316316316316,70.36006815140469,-1.0446051751535546,35.3378785081788,-60.842201906337245
6326.326326326326,86.68827148408927,-1.080725200531525,40.803184957279505,-76.48500840191628
6336.336336336336,106.29559610570759,-1.0902449384335302,49.137072178616684,-94.25657477959366
6346.346346346347,130.41806395813904,-1.0750732589435246,62.03567410056195,-114.71898947200552
6356.356356356357,160.96998684640863,-1.0321488078454626,82.57365740109002,-138.1771608072057
6366.3663663663665,200.72271087945867,-0.9523110566906581,116.37936667085815,-163.54036100023967
6376.376376376376,252.7949245980649,-0.8173015310229961,172.9601880383696,-184.3638990048571
6386.386386386386,316.33624422799,-0.5974016767959652,261.546791184102,-177.93789768784583
6396.396396396396,371.5983501979437,-0.26761542925036574,358.3710080312615,-98.26268097549102
6406.406406406406,374.9910944557323,0.12740629663407166,371.9517131067721,47.6470779591513
6416.416416416417,322.9399265200404,0.4677206231441215,288.2556196359119,145.5983993355887
6426.426426426427,258.82653475484375,0.6981102804340674,198.27619235159213,166.36624248853724
6436.436436436436,205.40057914062945,0.8402057967330322,137.06577144299752,152.978339022366
6446.446446446446,164.53059745105446,0.9246229421985046,99.0697424830049,131.3602056254177
6456.456456456456,133.18598377317963,0.9707530653395654,75.2072186636949,109.91988234391832
6466.466466466466,108.5117241458373,0.9885145952079643,59.67397093237526,90.63008038319465
6476.476476476477,88.51216358503001,0.9815047625251789,49.192601235023545,73.58322557645235
6486.486486486487,71.89228129775924,0.9483206774592213,41.91666920212022,58.40798706680594
6496.496496496497,57.86563371181022,0.8820378612567294,36.77819106301489,44.6743352161144
6506.506506506506,46.066356689415464,0.7677908124413817,33.14229335857246,31.99527480067606
6516.516516516516,36.59996564345147,0.5794185337225108,30.626161924141982,20.039852566774634
6526.526526526526,30.229074445782004,0.2857850006440885,29.003002781215415,8.521899525425159
6536.536536536537,28.291933460405208,-0.09971814151300151,28.151386622427403,-2.816545785640848
6546.546546546547,31.43245666710358,-0.46953407873369635,28.030811084741757,-14.222269933483298
6556.556556556557,38.672330439894225,-0.7355148073500238,28.67496963952307,-25.947933594504203
6566.5665665665665,48.751156940387624,-0.9027090806000545,30.200639420231806,-38.27004940727729
6576.576576576576,61.084753148471684,-1.0032780032842294,32.83556315897885,-51.508959019207836
6586.586586586586,75.6962779347309,-1.060451937947854,36.97594990593961,-66.0507806291907
6596.596596596597,93.05331419073228,-1.0868295089716669,43.297156253712295,-82.36671380005858
6606.606606606607,114.05395189854434,-1.0878355821908017,52.96703314038961,-101.00889735058162
6616.616616616617,140.1440589966258,-1.0636710492292278,68.06325150054913,-122.50612665178313
6626.626626626627,173.5237728074322,-1.0093876431415492,92.38044472992739,-146.88891435648296
6636.6366366366365,217.22769628414255,-0.913097227803645,132.79075563950337,-171.91418571370247
6646.646646646646,273.87634250063337,-0.7525549173302248,199.9146536810491,-187.19610632999408
6656.656656656657,338.3979344247334,-0.4957388064026774,297.6607495790897,-160.96968715550335
6666.666666666667,380.5216299181538,-0.13256026190514358,377.1832173516487,-50.294446848805904
6676.676676676677,361.1540596695274,0.25665640566141296,349.32415062547807,91.67820136525832
6686.686686686687,300.2687539479684,0.5595758287811552,254.47186829475805,159.39069246364699
6696.696696696697,238.80569634614383,0.755537703605552,173.82737221591282,163.7443289884482
6706.706706706706,189.96745538376302,0.8747262048273876,121.808459094497,145.7749409123744
6716.716716716716,152.76551669494663,0.9442593912180361,89.57298821917239,123.74967827255965
6726.726726726727,124.00874278517253,0.9798175230766222,69.09445768129895,102.97632837155473
6736.736736736737,101.13806460732118,0.9888603994124143,55.58975235808356,84.49075419998107
6746.746746746747,82.42592153188552,0.9732005313505189,46.37748610597932,68.14074642143454
6756.756756756757,66.77070944350952,0.9296759688368077,39.93514071206977,53.51179473627061
6766.7667667667665,53.53515872966979,0.848985084523682,35.37310408471396,40.18403573090851
6776.776776776776,42.50279410912639,0.7126574383218385,32.1587612677639,27.790314514336774
6786.786786786787,33.982646701427655,0.490793976958169,29.97129819415466,16.01691485246499
6796.796796796797,28.99009674426489,0.15897694133992357,28.624524625472247,4.589368061898144
6806.806806806807,28.826880045906645,-0.2361546336298064,28.02678551581512,-6.74450197061181
6816.816816816817,33.54933554695344,-0.5745123137780039,28.163238773308308,-18.231563219858494
6826.826826826827,41.88488593475687,-0.8028909917612161,29.09449539371806,-30.130615784489255
6836.8368368368365,52.77463944965899,-0.943619259167696,30.97139913655679,-42.73096072598406
6846.846846846847,65.86957454851759,-1.0271540280419635,34.071472547135755,-56.373181652914454
6856.856856856857,81.35782154544877,-1.0726693802535119,38.87121641540693,-71.47113865755664
6866.866866866867,99.85024313463344,-1.089937612608494,46.18479938917709,-88.52703180061377
6876.876876876877,122.4154824668716,-1.0824534546765134,57.43282776525248,-108.10652451394314
6886.886886886887,150.7352165135021,-1.0487186087888185,75.16896148817438,-130.6550141638725
6896.896896896897,187.312766970705,-0.9816849729130113,104.07516747235613,-155.73834526481482
6906.906906906907,235.3331546067005,-0.8662989727247593,152.41373567397764,-179.30908185321815
6916.916916916917,296.1382157140242,-0.6761736502982387,230.97981332006228,-185.32719348469922
6926.926926926927,358.01696041874357,-0.3803643439440221,332.4292846584766,-132.9169464324611
6936.936936936937,381.29374938258513,0.006082189228402259,381.2866967995705,2.319086436952757
6946.946946946947,342.21340734418567,0.3744017484413498,318.50711373223885,125.15284522565284
6956.956956956957,277.8570744505507,0.6382306530789347,223.1612282506545,165.54038790542378
6966.9669669669665,220.40282146399076,0.8038491310306438,152.9464127086637,158.69719137035446
6976.976976976977,175.93812798585876,0.9034041833675656,108.89510679830441,138.1885689720908
6986.986986986987,142.004711107351,0.9598951598247437,81.45473544814982,116.32052290870318
6996.996996996997,115.52923853389841,0.9857523303474255,63.799411752969526,96.31531558478876
7007.007007007007,94.25727085546472,0.986288016514007,52.01016179384457,78.60900825795062
7017.017017017017,76.70201462697361,0.9616091798807402,43.88897081368935,62.9043503165846
7027.027027027027,61.93553331805175,0.9066572574966493,38.17591217999016,48.77099564922965
7037.037037037037,49.464235916386144,0.8093802840867769,34.127708736459425,35.80516905687356
7047.047047047047,39.23358476001221,0.6473037399838222,31.2971265850215,23.659333055735168
7057.057057057057,31.7831515915401,0.3883552646886932,29.416359388448022,12.035220206563903
7067.067067067067,28.343011990591698,0.023571042957397183,28.33513875049027,0.6680124918663848
7077.077077077077,29.961708893573554,-0.36485355378662165,27.989510117010646,-10.690712007766525
7087.087087087087,36.0948992113241,-0.665608195001429,28.390130657442228,-22.28995806027916
7097.0970970970975,45.396699789724295,-0.8597748160569288,29.62625425014189,-34.396880831033265
7107.107107107107,57.05780687710508,-0.9777918909740355,31.88704157901235,-47.31606392086473
7117.117117117117,70.93762504436437,-1.0465561746140788,35.50820741549956,-61.41102387253198
7127.127127127127,87.37544328403025,-1.081555080740859,41.062638221471275,-77.12540328175506
7137.137137137137,107.1298929404349,-1.0901217371141272,49.534444364716144,-94.99027730724805
7147.147147147147,131.45911805659088,-1.0739725377660052,62.6581137035631,-115.56582759331609
7157.157157157158,162.3079965410074,-1.0298445116673314,83.58084995283721,-139.133487206772
7167.1671671671675,202.48001843847354,-0.9482937756349874,118.0600469164035,-164.49918902213832
7177.177177177177,255.06520767717709,-0.8106366399280043,175.74941220926758,-184.8523850955092
7187.187187187187,318.8468190664164,-0.5867981675483309,265.50941901507,-176.54473213056247
7197.197197197197,372.95460847823585,-0.25296618054040004,361.08507282245137,-93.34189932693258
7207.207207207207,373.7764964062557,0.14222391030473336,370.00255600917,52.98091932400494
7217.217217217217,320.44602432762343,0.4786061103401509,284.43998165537687,147.57896646632503
7227.227227227228,256.5255826457409,0.7049845390381373,195.375417230009,166.23423502376622
7237.237237237237,203.61255317696168,0.8443571551334933,135.24189601942297,152.20939975018837
7247.247247247247,163.17002739985628,0.9270165008740906,97.93839526183757,130.50872988120727
7257.257257257257,132.12923879021463,0.9719205834887359,74.4831317959307,109.13477365694024
7267.267267267267,107.66642674163037,0.9886967635822093,59.192733302269595,89.93486404902853
7277.277277277277,87.8170180687798,0.9807377351349642,48.862241394381336,72.96786983604225
7287.287287287288,71.30858535319847,0.9464495895908855,41.68467263314079,57.855876214454426
7297.2972972972975,57.371695620311755,0.8786596864512515,36.6136754412283,44.16956224634895
7307.307307307307,45.65667469680401,0.7621249176713468,33.02669042003707,31.524112426344622
7317.317317317317,36.29034244834747,0.5702336119690052,30.54829893850019,19.590568827432204
7327.327327327327,30.063794175160407,0.2722510824819815,28.956485124905036,8.084162876733865
7337.337337337337,28.320620502343715,-0.11509334771049679,28.13325322118233,-3.2523236048408912
7347.347347347348,31.644523896717985,-0.4818821549782571,28.040978809239117,-14.665585568594194
7357.357357357358,39.013493702920265,-0.7435646662075102,28.716282345375983,-26.408858725216554
7367.3673673673675,49.185213754016104,-0.9076200585585871,30.27954797232182,-38.7599564837232
7377.377377377377,61.60280480375778,-1.0061696606707902,32.96368950627583,-52.04133677975349
7387.387387387387,76.30865103667034,-1.0619821436089931,37.173148027571685,-66.64208346650466
7397.397397397397,93.78620733785465,-1.0873208113107888,43.59737615241506,-83.03686819385646
7407.407407407408,114.95171672095252,-1.0873861413809196,53.42970756800265,-101.77997605763048
7417.417417417418,141.27591453694163,-1.0621911782222309,68.79563789086752,-123.39385817550995
7427.427427427428,174.9920042554459,-1.0065663911902942,93.57964635362464,-147.8683581489581
7437.437437437437,219.1586846323426,-0.9082946129252362,134.80259274536684,-172.7969618914215
7447.447447447447,276.3006682857712,-0.7446711835999048,203.1668629202232,-187.25726983569695
7457.457457457457,340.7362881382688,-0.4835839021371429,301.66550900821153,-158.42707700725268
7467.467467467467,381.0256889593573,-0.11722630797899242,378.4106567711579,-44.56400440909456
7477.477477477478,359.259161180524,0.2703593966216449,346.20906200068623,95.95014476663765
7487.487487487488,297.7468318167557,0.5689450878088164,250.84270522654202,160.40920513345094
7497.4974974974975,236.68042011678477,0.7613292625010348,171.33759818227048,163.2821138881677
7507.507507507507,188.34217022540238,0.8781849051071642,120.26571539118852,144.94457832792537
7517.517517517517,151.52278871108857,0.9461858694953413,88.60769696721081,122.91391921565324
7527.527527527527,123.0338748522138,0.9806281738237413,68.46844242376214,102.22233979524327
7537.537537537538,100.35035988733172,0.9887192187433477,55.168631579230095,83.8249176509716
7547.547547547548,81.77278894913103,0.9720795104667123,46.08574975994651,67.54918712747559
7557.557557557558,66.21974590946374,0.9273446187587039,39.72923045273194,52.97775944627761
7567.5675675675675,53.07009346222134,0.8449272344183184,35.22716952438117,39.69233360977178
7577.577577577577,42.12459940274966,0.7059291582104449,32.05720335855135,27.32796347462835
7587.587587587587,33.71658681958159,0.48010444813748815,29.90481494172153,15.572741250780863
7597.597597597598,28.88814848432603,0.1442742373828637,28.58801542574581,4.153371747121615
7607.607607607608,28.924113468900263,-0.2509229933460383,28.01831600528976,-7.181803964850426
7617.617617617618,33.81206429910928,-0.5853117858442045,28.18370393107804,-18.67978920899368
7627.627627627628,42.26074861795548,-0.8097008984961561,29.14787381737729,-30.600201399276393
7637.637637637637,53.237663760968466,-0.9477293826116459,31.065696408361482,-43.23391434267144
7647.647647647647,66.41829805207765,-1.0295201799264295,34.22070866889055,-56.92392655407337
7657.657657657658,82.00812876584733,-1.0738164436945545,39.0992578253025,-72.08731664576175
7667.667667667668,100.6341113376766,-1.0901017815219134,46.53272221381887,-89.22964825715418
7677.677677677678,123.38492418591868,-1.0816673042115708,57.973297192228,-108.91710760494198
7687.687687687688,151.97013206379006,-1.0468232766834789,76.03431897549154,-131.58154649273203
7697.697697697698,188.92708854720044,-0.9782715906191539,105.50768408407703,-156.7213239675326
7707.707707707707,237.44555149711456,-0.8605781449362101,154.81431349221444,-180.0358804897047
7717.717717717717,298.6569959721616,-0.6669079496966127,234.66616138189153,-184.73709412406535
7727.727727727728,359.95050608210676,-0.36675542328997907,336.01225868447847,-129.0741215059003
7737.737737737738,380.8555205713611,0.021440817864307703,380.7679826323905,8.16522821126437
7747.747747747748,339.89548472741967,0.38666538275938317,314.8015782371241,128.17529745432014
7757.757757757758,275.42353619365883,0.6462073607261326,219.89080335629916,165.8498082264224
7767.7677677677675,218.45908954304844,0.808712336668765,150.83081822813062,158.03302843586297
7777.777777777777,174.4600388049463,0.906264821335841,107.58783090620929,137.33595225111407
7787.787787787788,140.86594869587626,0.9614032165495173,80.62743159543137,115.50944886161165
7797.797797797798,114.62665928680859,0.9862252402997791,63.255775245928476,95.59277126064859
7807.807807807808,93.52093258048323,0.9858202126869382,51.64033881933948,77.97076527357616
7817.817817817818,76.08705049957524,0.9601072614621997,43.63075829877948,62.33455048364749
7827.827827827828,61.415346084157775,0.9038052027588833,37.9930535737796,48.25321351761753
7837.8378378378375,49.028094700495885,0.8045302851630793,33.99851968925612,35.32498731634672
7847.847847847848,38.88982576204462,0.6393472729910711,31.208517094151865,23.20446096306097
7857.857857857858,31.56724881026026,0.37611515297637127,29.360653719787184,11.59496488117255
7867.867867867868,28.30936510983269,0.008217389201593076,28.30840931340244,0.23262645310118046
7877.877877877878,30.122708473073477,-0.3784831551125861,27.99080980265922,-11.130684271199558
7887.887887887888,36.401630922873245,-0.6748964231708628,28.42136223288698,-22.74433781564342
7897.897897897898,45.804227267185404,-0.8655110013125293,29.692641184109647,-34.87655795883084
7907.907907907908,57.54969141593951,-0.9812151152384165,31.998375754949095,-47.83378441138593
7917.917917917918,71.51893275793185,-1.0484582753406648,35.68135224178728,-61.982246208338395
7927.927927927928,88.06748069163118,-1.0823465579434373,41.32632611394931,-77.76899076942134
7937.937937937938,107.97089609560078,-1.089962566624706,49.93854295100769,-95.72803315443903
7947.947947947948,132.5097316709513,-1.0728311364235779,63.29179371189014,-116.41725746743504
7957.957957957958,163.6597492044599,-1.0274859264815719,84.60759434571392,-140.09307080900837
7967.9679679679675,204.25606534587004,-0.9441950182041902,119.77476085726016,-165.45255178498294
7977.977977977978,257.35437000745884,-0.8038444689609565,178.5894474089943,-185.30267412017048
7987.987987987988,321.34799020088286,-0.5760224815220477,269.493929746235,-175.0358610001906
7997.997997997998,374.22531890678744,-0.238211672378298,363.6577615696908,-88.30414350985275
8008.008008008008,372.4745669763036,0.15694131534448175,367.89684290658596,58.2169736722177
8018.018018018018,317.94118077836197,0.48931967138300586,280.63168446677815,149.440463422989
8028.028028028028,254.24317543209628,0.7117305921764319,192.52124174020406,166.05771205398918
8038.038038038038,201.8432703799611,0.8484263833246821,133.45161616616969,151.43107983606072
8048.048048048048,161.82324098922408,0.9293554282233045,96.82702681014656,129.65835184577833
8058.058058058058,131.08207793605487,0.9730472733970116,73.77079890099124,108.35303588521862
8068.068068068068,106.82784308871568,0.9888429435891123,58.71865276494517,89.24297101989072
8078.078078078078,87.12673342292655,0.9799324056659029,48.536445857964864,72.355242383856
8088.088088088088,70.72862633036475,0.9445298697296289,41.45573501154807,57.305851509533234
8098.0980980980985,56.88097358330111,0.87521081607131,36.451320606919865,43.66630716920929
8108.108108108108,45.2503713957003,0.7563486936511218,32.91270544104194,31.05398415662666
8118.118118118118,35.985258745596916,0.5608867415981004,30.471732455945247,19.141900849206493
8128.128128128128,29.90522995070965,0.25856813483866375,28.911093143641292,7.6466640860259485
8138.138138138138,28.357066660497534,-0.1304332670335564,28.116191370299905,-3.688226188369416
8148.148148148148,31.86257803539601,-0.49406099171417067,28.05227190143211,-15.109398407276933
8158.158158158159,39.35871018953739,-0.7514687100074255,28.75889592004049,-26.870689854268214
8168.168168168168,49.622531290765814,-0.9124358940927345,30.360095950798097,-39.25124438232966
8178.178178178178,62.12420282684254,-1.0089995065962056,33.094041495126824,-52.575669224361704
8188.188188188188,76.9250882991586,-1.0634681611504189,37.373567862356026,-67.2360441658432
8198.198198198199,94.52450738385728,-1.0877753609897236,43.90253563083936,-83.71051225111319
8208.208208208209,115.85703990024227,-1.0868999413398628,53.90037175342731,-102.55536855420425
8218.218218218219,142.4186150129586,-1.0606671013440914,69.54158888703051,-124.28607853366584
8228.228228228229,176.4757110655412,-1.0036833044603966,94.80262033009151,-148.84938620846543
8238.238238238238,221.1096522576564,-0.9033968245511251,136.854838226856,-173.66701349249604
8248.248248248248,278.7393002250747,-0.7366414884825246,206.47028127079287,-187.25816522096983
8258.258258258258,343.04215396268916,-0.4712589210658832,305.64967884729657,-155.74399897237066
8268.268268268268,381.4265274983507,-0.10185507841141256,379.4496908820272,-38.783088698350355
8278.278278278278,357.30433878051673,0.2839146180120044,343.000106409494,100.08655011767601
8288.288288288288,295.2300440528183,0.5781526686778552,247.24736895873306,161.33665874317944
8298.298298298298,234.57528293422928,0.7670105350806559,168.89151323747905,162.79195348673764
8308.308308308307,186.73398652795913,0.8815729329103232,118.75124463905279,144.11010936537332
8318.31831831832,150.29223863652933,0.9480637353713385,87.65899808881547,122.08053509239109
8328.328328328329,122.06746261474257,0.9814005325338678,67.85228088829216,101.47183553803428
8338.338338338339,99.56863236170048,0.9885420467629789,54.753603791754294,83.16222352844504
8348.348348348349,81.12405784169313,0.9709176459213498,45.7979654640514,66.96013082466257
8358.358358358359,65.67227320656491,0.9249586138432557,39.52601633196534,52.44560516423576
8368.368368368368,52.608213134785096,0.8407872260509222,35.08317665997695,39.20197449975988
8378.378378378378,41.7500531706502,0.6990725904202387,31.957131972295205,26.866496903344625
8388.388388388388,33.45574969503571,0.4692424832455951,29.839554555533972,15.129050584362332
8398.398398398398,28.79358860016996,0.12946960508850344,28.552600992333108,3.7174885404606086
8408.408408408408,29.028717942888274,-0.265587785621726,28.010924288005906,-7.619356005553524
8418.418418418418,34.07999917230908,-0.5959395664216002,28.2053399727483,-19.128647119079655
8428.428428428428,42.640265192227446,-0.8163835987693113,29.20264856400105,-31.0708469873438
8438.43843843844,53.70389570895917,-0.9517580538642334,31.161801647178777,-43.73843312717832
8448.44844844845,66.97054828072315,-1.0318320638418346,34.37245679377746,-57.47685230578109
8458.458458458459,82.66288679740688,-1.074922840338827,39.33101068928016,-72.70642648239999
8468.468468468469,101.42402329163683,-1.0902299821134602,46.88644417830631,-89.93605424398525
8478.478478478479,124.36291235141256,-1.080842738158284,58.523313322947345,-109.73220022504451
8488.488488488489,153.21734876687287,-1.0448790227458502,76.91611400994425,-132.51214045799284
8498.498498498499,190.55866241013717,-0.9747869469550903,106.96903519884984,-157.70297818420502
8508.508508508508,239.57817322650195,-0.8547460561695525,157.26153437196774,-180.73879188907452
8518.518518518518,301.1805321242131,-0.6574795250987484,238.3949524242266,-184.05857651648526
8528.528528528528,361.8230431162418,-0.3529994592473094,339.51302730893104,-125.08724482305476
8538.538538538538,380.3144385787991,0.036759917469330494,380.05750967266727,13.977179004277128
8548.548548548548,337.54601635353157,0.3987591047441574,311.0633414118477,131.06071412072677
8558.558558558558,273.0044496784654,0.6540392346870932,216.66529156115578,166.09509618577275
8568.56856856857,216.53520560722612,0.813481203048266,148.75381152024215,157.35246685566756
8578.57857857858,172.9972809037271,0.9090641011673579,106.30412624341963,136.48257010954242
8588.58858858859,139.73792014430876,0.9628673036435309,79.81393467815762,114.70144793091322
8598.598598598599,113.73155707358465,0.9866614608230971,62.72044060854026,94.87367076408827
8608.608608608609,92.78994126812125,0.9853155818377369,51.275732808054705,77.3354538716776
8618.618618618619,75.4761060991423,0.9585609127719926,43.375988350006644,61.767031874205145
8628.628628628629,60.89847369221286,0.9008908509599685,37.81258665253369,47.7371175154698
8638.638638638638,48.59519677938562,0.7995842965413068,33.87108816013541,34.84598308091688
8648.648648648648,38.55012211468146,0.6312438549999687,31.121285087674174,22.750330317350596
8658.658658658658,31.35735488540555,0.3637056693505061,29.306113170112322,11.15506325709703
8668.668668668668,28.28348364691483,-0.007169284507286193,28.2827567837263,-0.20277060408926736
8678.678678678678,30.290401804828445,-0.3919630524515956,27.993206460387125,-11.571034247814445
8688.68868868869,36.71289323354823,-0.6840237541570214,28.453825754887053,-23.19948985405579
8698.6986986987,46.21514586170812,-0.8711378216582856,29.760541727515978,-35.35745838014573
8708.70870870871,58.04481984111532,-0.9845682244273737,32.11172062750567,-48.35326781851007
8718.71871871872,72.1040181390768,-1.050312047869361,35.85735317587384,-62.5558922486201
8728.728728728729,88.76443420405224,-1.0830998522193558,41.59431841395076,-78.41579850543125
8738.738738738739,108.8186876938712,-1.089767380262207,50.34949285835359,-96.46986762882426
8748.748748748749,133.5700315275731,-1.0716487240194317,63.936944134088115,-117.27327273113583
8758.758758758759,165.02542194862556,-1.0250723139963724,85.65431275068802,-141.05576413790837
8768.768768768768,206.05100542445797,-0.9400134103297251,121.52418407986427,-166.3997882214796
8778.778778778778,259.6620727039964,-0.7969229950609643,181.48060512718072,-185.71263275180775
8788.788788788788,323.83754125286674,-0.5650741338135932,273.49664108522995,-173.4080172304587
8798.798798798798,375.40781505155644,-0.22335862578354307,366.0823075785768,-83.15510615547254
8808.808808808808,371.08800745329063,0.17155187844236888,365.64081763909303,63.349046968908695
8818.81881881882,315.4275758555918,0.49986182645125254,276.83463262933276,151.18578566491448
8828.82882882883,251.9796401636884,0.7183504417396147,189.71355584061138,165.83879457875082
8838.83883883884,200.09257730777327,0.8524148340465151,131.6943324950138,150.64409142863843
8848.84884884885,160.49006323156922,0.931640448364448,95.7352375942587,128.8092569609961
8858.85885885886,130.0443761481096,0.974133455988563,73.06999507056655,107.57469771344186
8868.868868868869,105.99589213268133,0.9889531731440271,58.251604289213994,88.5543886362265
8878.878878878879,86.44125980947152,0.9790885438382845,48.215143419650666,71.74532279160135
8888.888888888889,70.152377827655,0.9425609327302472,41.22981458149828,56.75789376332893
8898.898898898899,56.39346376490031,0.871690109594408,36.291101566902256,43.16455377348304
8908.908908908908,44.84747359577041,0.7504602668804515,32.80032349627177,30.584876433676268
8918.918918918918,35.684786078354215,0.5513763861096277,30.39645405902715,18.69383690137888
8928.928928928928,29.7534672684221,0.24474020142490338,28.86682310847518,7.209392354218802
8938.93893893894,28.40124766405542,-0.14572945787807787,28.100201297098053,-4.124264290462273
8948.94894894895,32.08652823556585,-0.506069318241176,28.064694656468973,-15.553720071125317
8958.95895895896,39.70792606727007,-0.7592289135497098,28.8028197316025,-27.333440472662705
8968.96896896897,50.06309592392138,-0.9171581904233828,30.442300066542458,-39.74392960121511
8978.97897897898,62.648960229813866,-1.0117684445451471,33.226647600457966,-53.11197705896271
8988.98898898899,77.54562490140289,-1.064910425345429,37.57725810669413,-67.83268839233754
8998.998998998999,95.26827531775477,-1.0881932824071325,44.212720035951236,-84.38767486453291
9009.009009009009,116.77001833686575,-1.0863768437003214,54.37918007803336,-103.33509547309076
9019.019019019019,143.57230644190116,-1.0590983652758266,70.30139002535567,-125.18275335504488
9029.029029029029,177.97508136788196,-1.0007374508376399,96.04987943572007,-149.83173978929779
9039.039039039038,223.08067669417244,-0.8984022198801876,138.94819948068482,-174.52331126644862
9049.049049049048,281.19144362425465,-0.728463853924317,209.82447370159156,-187.19593532804737
9059.059059059058,345.3125346049836,-0.4587653320137902,309.60719881918214,-152.9187006047901
9069.06906906907,381.72320796579106,-0.08645509961298868,380.29750427835546,-32.96082127843232
9079.07907907908,355.2928698288237,0.29731829184108827,339.70459126824187,104.08560910365173
9089.08908908909,292.7197458049628,0.587200159583931,243.68776641708007,162.17620689477442
9099.0990990991,232.49033948251005,0.7725833624491851,166.4886352446216,162.27535945754707
9109.10910910911,185.142720783339,0.8848913992862858,117.26450148118366,143.27199220862013
9119.11911911912,149.0737061453265,0.949893554671092,86.72656089681561,121.24963298465727
9129.129129129129,121.10939675343417,0.9821348153481817,67.24578911780468,100.72482230267012
9139.139139139139,98.7928122217244,0.9883288318908122,54.34456599108991,82.50265385984243
9149.149149149149,80.47968636754021,0.9697145991464289,45.51407389455367,66.37355644636459
9159.159159159159,65.12827188183027,0.9225172028671507,39.3254632253437,51.915313159276465
9169.169169169169,52.14952260693219,0.8365636654115916,34.94110438668407,38.71294269840229
9179.179179179178,41.37919602408609,0.6920856984470055,31.858534623979967,26.405901522432675
9189.18918918919,33.200220630138006,0.45820766794165524,29.775510312070836,14.685831115248616
9199.1991991992,28.7064772842606,0.11456988404870172,28.518278962787296,3.2817073410670607
9209.20920920921,29.140629180669052,-0.2801425442415185,28.00461193128561,-8.057169454799633
9219.21921921922,34.35305734345199,-0.6063962736525599,28.228152796137053,-19.578149518287994
9229.22922922923,43.02339785170625,-0.8229411004078134,29.25883124537016,-31.54256737903801
9239.23923923924,54.17333242084101,-0.9557066181826755,31.25973506244785,-44.24453536205925
9249.24924924925,67.5263464502659,-1.0340903982212646,34.52675127067584,-58.03198179981642
9259.25925925926,83.32213956239613,-1.0759888869234164,39.56653413278876,-73.32849594785291
9269.269269269269,102.22005166607498,-1.0903222478619898,47.246069980911564,-90.64627865485625
9279.279279279279,125.34956033071552,-1.07997951978377,59.08306735800564,-110.55181331246023
9289.289289289289,154.47703189590896,-1.0428852511293316,77.81469996155319,-133.44671540829745
9299.299299299299,192.2076731670953,-0.9712298839981358,108.45982807425541,-158.68287657593012
9309.309309309308,241.73093767547655,-0.8488008138265136,159.7560114037226,-181.41627008027362
9319.31931931932,303.70735604942143,-0.647886870980357,242.16435774902988,-183.28824827175885
9329.32932932933,363.6313020529491,-0.33910064091053965,342.9240298755266,-120.95798264956314
9339.33933933934,379.6717421149552,0.05203113226477975,379.15792702751526,19.74583836666507
9349.34934934935,335.16789391132147,0.41068178989277415,307.2982953648122,133.8105929096478
9359.35935935936,270.60052620073316,0.6617282716642463,213.48525731254145,166.27895143496562
9369.36936936937,214.6310764868008,0.818157326167321,146.71478793794302,156.65653511490464
9379.37937937938,171.54966723089612,0.9118029194842813,105.043522302196,135.62870916358102
9389.38938938939,138.62048224195144,0.9642878511782741,79.01397333317507,113.89657639760499
9399.399399399399,112.84383702261547,0.98706111206359,62.19325721974315,94.15800714960714
9409.409409409409,92.06423718190794,0.9847739800430351,50.916258618882644,76.70305323871834
9419.419419419419,74.86914708858681,0.9569696716089916,43.12461138758078,61.20177349099113
9429.429429429429,60.38490399293486,0.8979132552166217,37.634481824345045,47.22268954696463
9439.43943943944,48.16555723550119,0.7945406553073264,33.745396362689796,34.36814117946013
9449.44944944945,38.214530110998,0.6229915120296475,31.035420229792248,22.296928101524994
9459.45945945946,31.153561269817835,0.3511284036624965,29.252732577664396,10.715503559420155
9469.46946946947,28.26538574653265,-0.022580422602342692,28.2581801390723,-0.63819011903263
9479.47947947948,30.4647024600693,-0.40528964674537366,27.996703063202894,-12.011773956056542
9489.48948948949,37.028618192732594,-0.6929918259601028,28.48752890087617,-23.655427757386082
9499.4994994995,46.62943196532732,-0.8766571136184298,29.829970085306943,-35.8395983532012
9509.50950950951,58.54319869854092,-0.9878523215012012,32.2271005617599,-48.874534302017224
9519.51951951952,72.69291043960274,-1.052118052538782,36.036251688125006,-63.13198707826495
9529.52952952953,89.46635718957174,-1.0838151753926468,41.86668710267768,-79.06585596715257
9539.539539539539,109.67335352533482,-1.0895361215041208,50.76742292473641,-97.21580757816098
9549.549549549549,134.64014904943966,-1.0704249545434874,64.59380206913016,-118.13386673731358
9559.559559559559,166.40519683333187,-1.0226029106228398,86.72143928397458,-142.02141212386192
9569.56956956957,207.8649912223081,-0.9357475391798277,123.30900309111539,-167.3402053677643
9579.57957957958,261.9879417664525,-0.7898701709020954,184.4231457289109,-186.0800498454227
9589.58958958959,326.31316684513405,-0.553952786580238,277.51361888029027,-171.65801522930792
9599.5995995996,376.49957743799223,-0.20841400010055985,368.35224024693855,-77.90095580959427
9609.60960960961,369.6196399358602,0.1860492980995364,363.24100100091584,68.37143715154451
9619.61961961962,312.9072874901317,0.5102332848130166,273.05247388947635,152.81792128958165
9629.62962962963,249.73525977230844,0.7248460982471965,186.9521827782553,165.5795317301876
9639.63963963964,198.3603105943614,0.8563238435346753,129.9694445794426,149.84911175847097
9649.64964964965,159.17031699213064,0.9338722732004541,94.6626330716402,127.9616181177753
9659.65965965966,129.0160074469538,0.9751794433684635,72.38049842834796,106.79978288749633
9669.669669669669,105.1704919848391,0.9890274811411757,57.79146425892921,87.86910175449624
9679.679679679679,85.7605465658778,0.9782059065801026,47.89826345583664,71.13808899031066
9689.68968968969,69.5798127575882,0.9405421724368529,41.006869789311374,56.21198247227627
9699.6996996997,55.9091620141477,0.8680963924895125,36.132993372290194,42.66428467796277
9709.70970970971,44.44800851968634,0.7444577274305375,32.689529654044485,30.116774600933876
9719.71971971972,35.38899692197254,0.541701075539489,30.322455327295422,18.246364187628043
9729.72972972973,29.608589311244582,0.23077162073954988,28.823671322402344,6.772335823042703
9739.73973973974,28.453134116752672,-0.1609736517336614,28.085283320898867,-4.5604497421586325
9749.74974974975,32.31628440670827,-0.5179061494440578,28.078251550700003,-15.998563301461441
9759.75975975976,40.06109007974131,-0.7668472914521375,28.84806346230585,-27.797125262370606
9769.76976976977,50.50689624912217,-0.9217885345818603,30.526177551957577,-40.238029931719474
9779.77977977978,63.17709208743517,-1.014477363359035,33.361537161046144,-53.6502824118979
9789.78978978979,78.1702982965915,-1.0663093610610161,37.78426891911993,-68.43204335708326
9799.799799799799,96.01757493607481,-1.0885746912404068,44.528017275552145,-85.06838645532706
9809.809809809809,117.69075258061046,-1.0858166990056444,54.86629155642809,-104.11917831905656
9819.81981981982,144.73713938170593,-1.0574844991936505,71.07533520721297,-126.08384607705176
9829.82982982983,179.4903068482576,-0.9977278692307575,97.32194932719388,-150.81514655908
9839.83983983984,225.0718265931721,-0.8933091170817448,141.0833854250593,-175.36477834214912
9849.84984984985,283.6562449007727,-0.7201363132352568,213.22889220784378,-187.0676476545928
9859.85985985986,347.54437235329226,-0.44610485128287153,313.5317764508583,-149.94971127018846
9869.86986986987,381.91503376232265,-0.0710349538492604,380.9518739870337,-27.106506957615295
9879.87987987988,353.2280243993016,0.31056699298932194,336.3297549148031,107.94597343107382
9889.88988988989,290.21720462744287,0.5960892434151251,240.16561336077095,162.93097931581872
9899.8998998999,230.42561812774935,0.7780495744945919,164.12845311145674,161.73378239809924
9909.90990990991,183.56818446768244,0.8881413981007485,115.80494476270387,142.4306607345069
9919.91991991992,147.86703001297843,0.9516758816918603,85.81005957332596,120.42131140658333
9929.92992992993,120.15956750475816,0.9828312295007022,66.64878579601181,99.98130332641131
9939.93993993994,98.02282914215917,0.9880795126118754,53.94141640792162,81.84618884798566
9949.94994994995,79.83963215257049,0.9684700168463314,45.23401626501007,65.78944166653622
9959.95995995996,64.58772211166365,0.920019610270431,39.12753622416315,51.38686365794556
9969.96996996997,51.6940268167706,0.832255121665724,34.80093167818796,38.22522155414004
9979.97997997998,41.01206943856869,0.6849664262901606,31.761398860738193,25.94616314685234
9989.98998998999,32.95008551936412,0.44699974602667364,29.71267552165088,14.243070212510288
10000.0,28.626870468481606,0.09958215313412702,28.48504704059439,2.8460161479424184
